# File generated by CMD 3.3 (http://stev.oapd.inaf.it/cmd) on Fri Feb 21 18:17:57 CET 2020
# isochrones based on PARSEC release v1.2S +  COLIBRI S_35
# Basic references: Bressan et al. (2012), MNRAS, 427, 127 + Chen et al. (2014, 2015), MNRAS, 444, 2525 + MNRAS, 452, 1068 + Tang et al. (2014), MNRAS, 445, 4287 + Marigo et al. (2017), ApJ, 835, 77 + Pastorelli al. (2019), MNRAS in press
# Thermal pulse cycles included 
# On RGB, assumed Reimers mass loss with efficiency eta=0.2
# Photometric system: SDSS <i>ugriz</i>
# Using YBC version of bolometric corrections as in Chen et al. (2019)
# O-rich circumstellar dpmod60alox40 dust from Groenewegen (2006)
# C-rich circumstellar AMCSIC15 dust from Groenewegen (2006)
# IMF: Kroupa (2001, 2002) + Kroupa et al. (2013) canonical two-part-power law IMF corrected for unresolved binaries 
# Kind of output: isochrone tables
# Zini     MH   logAge Mini        int_IMF         Mass   logL    logTe  logg  label   McoreTP C_O  period0 period1 pmode  Mloss  tau1m   X   Y   Xc  Xn  Xo  Cexcess  Z 	 mbolmag  umag    gmag    rmag    imag    zmag
0.00015547 -2.00000 10.00000 0.0936335474 1.1156111956    0.094 -3.051  3.5131  5.464    1  0.000  0.545     0.00     0.00 -1 -6.77e-17      0.00 7.480e-01 2.519e-01 2.943e-05 7.939e-06 7.201e-05 -1.000 1.637e-04 12.397 19.126 15.263 13.312 12.326 11.788
0.00015547 -2.00000 10.00000 0.0987750962 1.1607921124    0.099 -2.892  3.5353  5.417    1  0.000  0.545     0.00     0.00 -1    -1e-16      0.00 7.469e-01 2.529e-01 2.943e-05 7.939e-06 7.201e-05 -1.000 1.636e-04 12.001 17.866 14.495 12.695 11.903 11.445
0.00015547 -2.00000 10.00000 0.1035686582 1.2002434731    0.103 -2.752  3.5549  5.375    1  0.000  0.545     0.00     0.00 -1 -1.42e-16      0.00 7.459e-01 2.539e-01 2.943e-05 7.939e-06 7.201e-05 -1.000 1.636e-04 11.650 16.820 13.828 12.187 11.524 11.132
0.00015547 -2.00000 10.00000 0.1234388798 1.3415665627    0.123 -2.477  3.5826  5.288    1  0.000  0.545     0.00     0.00 -1 -2.71e-16      0.00 7.432e-01 2.566e-01 2.943e-05 7.939e-06 7.201e-05 -1.000 1.637e-04 10.962 15.274 12.731 11.339 10.801 10.484
0.00015547 -2.00000 10.00000 0.1433091164 1.4560320377    0.143 -2.302  3.5961  5.232    1  0.000  0.545     0.00     0.00 -1 -4.02e-16      0.00 7.414e-01 2.584e-01 2.943e-05 7.940e-06 7.201e-05 -1.000 1.637e-04 10.524 14.474 12.118 10.845 10.351 10.062
0.00015547 -2.00000 10.00000 0.1631793380 1.5515257120    0.163 -2.165  3.6049  5.186    1  0.000  0.545     0.00     0.00 -1 -5.43e-16      0.00 7.403e-01 2.596e-01 2.943e-05 7.940e-06 7.201e-05 -1.000 1.636e-04 10.183 13.917 11.671 10.470 10.002 9.730
0.00015547 -2.00000 10.00000 0.2029198259 1.7036917210    0.203 -1.951  3.6167  5.114    1  0.000  0.545     0.00     0.00 -1 -8.67e-16      0.00 7.395e-01 2.604e-01 2.943e-05 7.940e-06 7.201e-05 -1.000 1.637e-04 9.647 13.110 11.002 9.892 9.456 9.205
0.00015547 -2.00000 10.00000 0.2525954247 1.8468697071    0.252 -1.753  3.6273  5.054    1  0.000  0.545     0.00     0.00 -1 -1.31e-15      0.00 7.396e-01 2.603e-01 2.943e-05 7.940e-06 7.201e-05 -1.000 1.636e-04 9.152 12.386 10.393 9.359 8.951 8.719
0.00015547 -2.00000 10.00000 0.3022710085 1.9574397802    0.302 -1.600  3.6361  5.014    1  0.000  0.545     0.00     0.00 -1 -1.79e-15      0.00 7.397e-01 2.601e-01 2.942e-05 7.941e-06 7.201e-05 -1.000 1.637e-04 8.770 11.824 9.924 8.947 8.562 8.345
0.00015547 -2.00000 10.00000 0.3519465625 2.0465965271    0.352 -1.474  3.6442  4.987    1  0.000  0.544     0.00     0.00 -1 -2.29e-15      0.00 7.400e-01 2.598e-01 2.940e-05 7.942e-06 7.201e-05 -1.000 1.636e-04 8.455 11.351 9.533 8.606 8.241 8.037
0.00015547 -2.00000 10.00000 0.4016221464 2.1207315922    0.401 -1.352  3.6530  4.957    1  0.000  0.545     0.00     0.00 -1 -2.93e-15      0.00 7.503e-01 2.496e-01 2.943e-05 7.939e-06 7.201e-05 -1.000 1.636e-04 8.150 10.879 9.151 8.274 7.930 7.740
0.00015547 -2.00000 10.00000 0.4512977004 2.1838121414    0.451 -1.202  3.6673  4.915    1  0.000  0.545     0.00     0.00 -1  -4.1e-15      0.00 7.507e-01 2.491e-01 2.943e-05 7.939e-06 7.201e-05 -1.000 1.636e-04 7.775 10.238 8.659 7.860 7.548 7.381
0.00015547 -2.00000 10.00000 0.5009732842 2.2384552956    0.501 -1.035  3.6840  4.861    1  0.000  0.545     0.00     0.00 -1 -6.08e-15      0.00 7.513e-01 2.486e-01 2.939e-05 7.929e-06 7.192e-05 -1.000 1.636e-04 7.357 9.528 8.120 7.405 7.128 6.986
0.00015547 -2.00000 10.00000 0.5506489277 2.2841949463    0.550 -0.840  3.7033  4.784    1  0.000  0.544     0.00     0.00 -1 -9.92e-15      0.00 7.792e-01 2.207e-01 2.628e-05 7.095e-06 6.437e-05 -1.000 1.013e-04 6.871 8.739 7.515 6.887 6.649 6.534
0.00015547 -2.00000 10.00000 0.5940754414 2.3170597553    0.594 -0.667  3.7243  4.728    1  0.000  0.544     0.00     0.00 -1 -1.52e-14      0.00 7.884e-01 2.114e-01 2.530e-05 6.832e-06 6.201e-05 -1.000 1.560e-04 6.437 8.031 6.976 6.434 6.233 6.146
0.00015547 -2.00000 10.00000 0.6003244519 2.3213412762    0.600 -0.643  3.7272  4.720    1  0.000  0.544     0.00     0.00 -1 -1.61e-14      0.00 7.897e-01 2.101e-01 2.516e-05 6.796e-06 6.168e-05 -1.000 1.637e-04 6.377 7.937 6.902 6.372 6.177 6.093
0.00015547 -2.00000 10.00000 0.6125001311 2.3293952942    0.612 -0.592  3.7340  4.705    1  0.000  0.544     0.00     0.00 -1 -1.82e-14      0.00 7.929e-01 2.069e-01 2.482e-05 6.705e-06 6.087e-05 -1.000 1.636e-04 6.250 7.737 6.747 6.242 6.059 5.983
0.00015547 -2.00000 10.00000 0.6271697283 2.3386228085    0.627 -0.531  3.7422  4.687    1  0.000  0.544     0.00     0.00 -1 -2.11e-14      0.00 7.971e-01 2.028e-01 2.439e-05 6.589e-06 5.983e-05 -1.000 1.463e-04 6.098 7.502 6.562 6.088 5.918 5.853
0.00015547 -2.00000 10.00000 0.6402659416 2.3464512825    0.640 -0.476  3.7494  4.670    1  0.000  0.543     0.00     0.00 -1 -2.42e-14      0.00 8.011e-01 1.988e-01 2.398e-05 6.480e-06 5.884e-05 -1.000 1.337e-04 5.961 7.298 6.399 5.952 5.795 5.738
0.00015547 -2.00000 10.00000 0.6499999762 2.3520355225    0.650 -0.435  3.7548  4.657    1  0.000  0.543     0.00     0.00 -1 -2.68e-14      0.00 8.041e-01 1.957e-01 2.366e-05 6.394e-06 5.807e-05 -1.000 1.341e-04 5.858 7.150 6.277 5.851 5.704 5.654
0.00015547 -2.00000 10.00000 0.6581508517 2.3565654755    0.658 -0.401  3.7591  4.645    1  0.000  0.543     0.00     0.00 -1 -2.92e-14      0.00 8.074e-01 1.925e-01 2.332e-05 6.304e-06 5.727e-05 -1.000 1.386e-04 5.771 7.027 6.176 5.766 5.627 5.582
0.00015547 -2.00000 10.00000 0.6706717610 2.3632783890    0.670 -0.347  3.7656  4.626    1  0.000  0.543     0.00     0.00 -1 -3.35e-14      0.00 8.127e-01 1.872e-01 2.277e-05 6.158e-06 5.595e-05 -1.000 1.146e-04 5.637 6.848 6.023 5.637 5.508 5.470
0.00015547 -2.00000 10.00000 0.6829990745 2.3696117401    0.683 -0.293  3.7720  4.605    1  0.000  0.542     0.00     0.00 -1 -3.84e-14      0.00 8.183e-01 1.815e-01 2.219e-05 6.003e-06 5.456e-05 -1.000 1.512e-04 5.503 6.674 5.871 5.508 5.389 5.359
0.00015547 -2.00000 10.00000 0.6939523816 2.3750226498    0.694 -0.245  3.7774  4.586    1  0.000  0.542     0.00     0.00 -1 -4.36e-14      0.00 8.237e-01 1.762e-01 2.163e-05 5.855e-06 5.323e-05 -1.000 1.636e-04 5.383 6.522 5.736 5.392 5.282 5.258
0.00015547 -2.00000 10.00000 0.6999999881 2.3779268265    0.700 -0.218  3.7804  4.575    1  0.000  0.542     0.00     0.00 -1 -4.67e-14      0.00 8.268e-01 1.731e-01 2.131e-05 5.769e-06 5.246e-05 -1.000 1.636e-04 5.316 6.438 5.661 5.327 5.222 5.201
0.00015547 -2.00000 10.00000 0.7003502250 2.3780932426    0.700 -0.217  3.7806  4.574    1  0.000  0.541     0.00     0.00 -1 -4.69e-14      0.00 8.270e-01 1.729e-01 2.129e-05 5.764e-06 5.242e-05 -1.000 1.632e-04 5.312 6.434 5.657 5.323 5.218 5.198
0.00015547 -2.00000 10.00000 0.7129241228 2.3839437962    0.713 -0.159  3.7864  4.547    1  0.000  0.539     0.00     0.00 -1 -5.48e-14      0.00 8.341e-01 1.658e-01 2.052e-05 5.577e-06 5.076e-05 -1.000 1.376e-04 5.167 6.264 5.498 5.185 5.090 5.076
0.00015547 -2.00000 10.00000 0.7250341177 2.3893582821    0.725 -0.102  3.7919  4.519    1  0.000  0.536     0.00     0.00 -1  -6.4e-14      0.00 8.406e-01 1.593e-01 1.984e-05 5.412e-06 4.931e-05 -1.000 8.148e-05 5.024 6.099 5.340 5.046 4.960 4.953
0.00015547 -2.00000 10.00000 0.7358090878 2.3940041065    0.735 -0.048  3.7966  4.491    1  0.000  0.534     0.00     0.00 -1 -7.41e-14      0.00 8.459e-01 1.540e-01 1.930e-05 5.282e-06 4.817e-05 -1.000 1.043e-04 4.891 5.951 5.195 4.918 4.840 4.838
0.00015547 -2.00000 10.00000 0.7459657192 2.3982422352    0.746  0.004  3.8010  4.463    1  0.000  0.532     0.00     0.00 -1 -8.58e-14      0.00 8.505e-01 1.494e-01 1.886e-05 5.177e-06 4.726e-05 -1.000 7.454e-05 4.760 5.808 5.052 4.790 4.720 4.723
0.00015547 -2.00000 10.00000 0.7500000000 2.3998889923    0.750  0.025  3.8027  4.450    1  0.000  0.531     0.00     0.00 -1 -9.12e-14      0.00 8.522e-01 1.478e-01 1.870e-05 5.142e-06 4.695e-05 -1.000 6.360e-05 4.706 5.751 4.994 4.738 4.670 4.675
0.00015547 -2.00000 10.00000 0.7574196458 2.4028651714    0.757  0.066  3.8061  4.428    1  0.000  0.531     0.00     0.00 -1 -1.02e-13      0.00 8.529e-01 1.471e-01 1.872e-05 5.150e-06 4.704e-05 -1.000 7.641e-05 4.606 5.645 4.884 4.639 4.577 4.586
0.00015547 -2.00000 10.00000 0.7659633756 2.4062101841    0.765  0.115  3.8099  4.399    1  0.000  0.530     0.00     0.00 -1 -1.18e-13      0.00 8.536e-01 1.464e-01 1.876e-05 5.162e-06 4.717e-05 -1.000 8.415e-05 4.483 5.516 4.750 4.519 4.463 4.477
0.00015547 -2.00000 10.00000 0.7741444111 2.4093339443    0.773  0.165  3.8135  4.368    1  0.000  0.530     0.00     0.00 -1 -1.36e-13      0.00 8.541e-01 1.458e-01 1.880e-05 5.175e-06 4.731e-05 -1.000 1.167e-04 4.358 5.389 4.615 4.395 4.346 4.364
0.00015547 -2.00000 10.00000 0.7817934155 2.4121863842    0.781  0.215  3.8169  4.335    1  0.000  0.529     0.00     0.00 -1 -1.57e-13      0.00 8.546e-01 1.453e-01 1.884e-05 5.189e-06 4.745e-05 -1.000 1.320e-04 4.233 5.262 4.480 4.271 4.227 4.249
0.00015547 -2.00000 10.00000 0.7910034657 2.4155371189    0.790  0.280  3.8209  4.291    1  0.000  0.529     0.00     0.00 -1 -1.91e-13      0.00 8.550e-01 1.449e-01 1.890e-05 5.209e-06 4.765e-05 -1.000 1.111e-04 4.070 5.099 4.304 4.108 4.072 4.098
0.00015547 -2.00000 10.00000 0.7995058894 2.4185516834    0.798  0.346  3.8242  4.242    1  0.000  0.529     0.00     0.00 -1 -2.34e-13      0.00 8.552e-01 1.447e-01 1.897e-05 5.229e-06 4.785e-05 -1.000 7.017e-05 3.904 4.934 4.127 3.942 3.911 3.942
0.00015547 -2.00000 10.00000 0.8000000119 2.4187245369    0.799  0.350  3.8244  4.240    1  0.000  0.529     0.00     0.00 -1 -2.37e-13      0.00 8.552e-01 1.447e-01 1.898e-05 5.230e-06 4.786e-05 -1.000 6.817e-05 3.894 4.924 4.116 3.932 3.901 3.933
0.00015547 -2.00000 10.00000 0.8010567427 2.4190936089    0.800  0.359  3.8248  4.234    1  0.000  0.529     0.00     0.00 -1 -2.43e-13      0.00 8.552e-01 1.447e-01 1.898e-05 5.232e-06 4.788e-05 -1.000 6.554e-05 3.873 4.903 4.094 3.911 3.881 3.913
0.00015547 -2.00000 10.00000 0.8070230484 2.4211561680    0.806  0.409  3.8269  4.195    1  0.000  0.529     0.00     0.00 -1 -2.84e-13      0.00 8.546e-01 1.452e-01 1.905e-05 5.250e-06 4.805e-05 -1.000 1.091e-04 3.747 4.780 3.960 3.785 3.759 3.793
0.00015547 -2.00000 10.00000 0.8136357665 2.4234015942    0.812  0.469  3.8285  4.145    1  0.000  0.529     0.00     0.00 -1 -3.44e-13      0.00 8.526e-01 1.473e-01 1.927e-05 5.309e-06 4.858e-05 -1.000 1.176e-04 3.598 4.634 3.803 3.634 3.612 3.648
0.00015547 -2.00000 10.00000 0.8149558902 2.4238448143    0.814  0.482  3.8286  4.133    1  0.000  0.529     0.00     0.00 -1 -3.61e-13      0.00 8.522e-01 1.477e-01 1.931e-05 5.321e-06 4.869e-05 -1.000 1.194e-04 3.566 4.603 3.770 3.601 3.579 3.616
0.00015547 -2.00000 10.00000 0.8157649636 2.4241156578    0.814  0.490  3.8286  4.125    1  0.000  0.529     0.00     0.00 -1 -3.72e-13      0.00 8.519e-01 1.479e-01 1.934e-05 5.329e-06 4.876e-05 -1.000 1.205e-04 3.544 4.582 3.748 3.579 3.558 3.594
0.00015547 -2.00000 10.00000 0.8203254342 2.4256308079    0.819  0.541  3.8275  4.072    1  0.000  0.529     0.00     0.00 -1  -4.4e-13      0.00 8.505e-01 1.494e-01 1.949e-05 5.370e-06 4.913e-05 -1.000 1.264e-04 3.418 4.462 3.621 3.451 3.428 3.464
0.00015547 -2.00000 10.00000 0.8246924877 2.4270637035    0.823  0.597  3.8239  4.004    1  0.000  0.529     0.00     0.00 -1  -5.4e-13      0.00 8.492e-01 1.507e-01 1.963e-05 5.409e-06 4.949e-05 -1.000 1.319e-04 3.278 4.332 3.486 3.308 3.280 3.312
0.00015547 -2.00000 10.00000 0.8254671693 2.4273159504    0.824  0.608  3.8229  3.990    1  0.000  0.529     0.00     0.00 -1 -5.64e-13      0.00 8.489e-01 1.510e-01 1.966e-05 5.416e-06 4.955e-05 -1.000 1.329e-04 3.251 4.308 3.461 3.280 3.251 3.281
0.00015547 -2.00000 10.00000 0.8261401653 2.4275348186    0.825  0.618  3.8217  3.975    2  0.000  0.529     0.00     0.00 -1 -5.89e-13      0.00 8.487e-01 1.512e-01 1.968e-05 5.422e-06 4.960e-05 -1.000 1.338e-04 3.225 4.284 3.437 3.254 3.222 3.251
0.00015547 -2.00000 10.00000 0.8283998370 2.4282662868    0.827  0.656  3.8158  3.915    2  0.000  0.529     0.00     0.00 -1 -6.85e-13      0.00 8.480e-01 1.519e-01 1.976e-05 5.442e-06 4.979e-05 -1.000 1.366e-04 3.130 4.202 3.354 3.155 3.115 3.137
0.00015547 -2.00000 10.00000 0.8301202059 2.4288203716    0.828  0.690  3.8084  3.852    2  0.000  0.529     0.00     0.00 -1 -7.94e-13      0.00 8.475e-01 1.524e-01 1.981e-05 5.457e-06 4.992e-05 -1.000 1.388e-04 3.046 4.132 3.288 3.067 3.015 3.029
0.00015547 -2.00000 10.00000 0.8314615488 2.4292504787    0.830  0.720  3.7996  3.788    2  0.000  0.529     0.00     0.00 -1 -9.16e-13      0.00 8.471e-01 1.528e-01 1.986e-05 5.469e-06 5.003e-05 -1.000 1.406e-04 2.970 4.076 3.235 2.987 2.921 2.924
0.00015547 -2.00000 10.00000 0.8325399160 2.4295949936    0.831  0.747  3.7900  3.722    2  0.000  0.529     0.00     0.00 -1 -1.05e-12      0.00 8.467e-01 1.531e-01 1.989e-05 5.479e-06 5.012e-05 -1.000 1.373e-04 2.902 4.036 3.193 2.914 2.833 2.825
0.00015547 -2.00000 10.00000 0.8334375024 2.4298810959    0.832  0.772  3.7800  3.657    2  0.000  0.530     0.00     0.00 -1  -1.2e-12      0.00 8.414e-01 1.585e-01 2.044e-05 5.627e-06 5.145e-05 -1.000 1.246e-04 2.839 4.007 3.160 2.849 2.751 2.732
0.00015547 -2.00000 10.00000 0.8342190981 2.4301295280    0.832  0.796  3.7705  3.596    2  0.000  0.532     0.00     0.00 -1 -1.36e-12      0.00 8.204e-01 1.794e-01 2.244e-05 6.162e-06 5.623e-05 -1.000 1.167e-04 2.780 3.988 3.129 2.786 2.673 2.643
0.00015547 -2.00000 10.00000 0.8349398375 2.4303581715    0.833  0.822  3.7619  3.537    2  0.000  0.534     0.00     0.00 -1 -1.54e-12      0.00 7.974e-01 2.025e-01 2.458e-05 6.736e-06 6.135e-05 -1.000 1.273e-04 2.716 3.966 3.093 2.722 2.595 2.555
0.00015547 -2.00000 10.00000 0.8356630802 2.4305872917    0.834  0.855  3.7542  3.472    2  0.000  0.536     0.00     0.00 -1  -1.8e-12      0.00 7.807e-01 2.191e-01 2.612e-05 7.148e-06 6.502e-05 -1.000 1.595e-04 2.632 3.929 3.035 2.637 2.497 2.448
0.00015547 -2.00000 10.00000 0.8362284303 2.4307658672    0.834  0.890  3.7490  3.417    2  0.000  0.536     0.00     0.00 -1 -2.07e-12      0.00 7.737e-01 2.262e-01 2.679e-05 7.325e-06 6.661e-05 -1.000 1.637e-04 2.544 3.874 2.965 2.550 2.401 2.345
0.00015547 -2.00000 10.00000 0.8367878795 2.4309425354    0.835  0.933  3.7449  3.358    2  0.000  0.537     0.00     0.00 -1 -2.44e-12      0.00 7.694e-01 2.305e-01 2.719e-05 7.432e-06 6.756e-05 -1.000 1.636e-04 2.438 3.798 2.874 2.444 2.289 2.228
0.00015547 -2.00000 10.00000 0.8368698359 2.4309682846    0.835  0.940  3.7445  3.349    2  0.000  0.537     0.00     0.00 -1 -2.52e-12      0.00 7.690e-01 2.309e-01 2.722e-05 7.443e-06 6.765e-05 -1.000 1.289e-04 2.419 3.783 2.858 2.426 2.270 2.208
0.00015547 -2.00000 10.00000 0.8373202085 2.4311103821    0.835  0.982  3.7421  3.298    3  0.000  0.537     0.00     0.00 -1 -2.93e-12      0.00 7.667e-01 2.332e-01 2.741e-05 7.493e-06 6.811e-05 -1.000 1.602e-04 2.316 3.696 2.763 2.323 2.163 2.098
0.00015547 -2.00000 10.00000 0.8378177881 2.4312667847    0.836  1.031  3.7397  3.240    3  0.000  0.537     0.00     0.00 -1  -3.5e-12      0.00 7.644e-01 2.355e-01 2.758e-05 7.539e-06 6.851e-05 -1.000 1.554e-04 2.194 3.593 2.650 2.202 2.038 1.970
0.00015547 -2.00000 10.00000 0.8382377028 2.4313988686    0.836  1.075  3.7379  3.189    3  0.000  0.537     0.00     0.00 -1 -4.11e-12      0.00 7.627e-01 2.372e-01 2.770e-05 7.570e-06 6.879e-05 -1.000 1.630e-04 2.083 3.498 2.546 2.093 1.926 1.856
0.00015547 -2.00000 10.00000 0.8386421800 2.4315257072    0.836  1.120  3.7362  3.137    3  0.000  0.537     0.00     0.00 -1 -4.84e-12      0.00 7.611e-01 2.387e-01 2.779e-05 7.595e-06 6.902e-05 -1.000 1.637e-04 1.970 3.400 2.440 1.981 1.811 1.739
0.00015547 -2.00000 10.00000 0.8390186429 2.4316439629    0.836  1.165  3.7346  3.086    3  0.000  0.537     0.00     0.00 -1 -5.68e-12      0.00 7.596e-01 2.402e-01 2.786e-05 7.617e-06 6.920e-05 -1.000 1.637e-04 1.859 3.302 2.334 1.871 1.698 1.624
0.00015547 -2.00000 10.00000 0.8393733501 2.4317550659    0.837  1.210  3.7332  3.036    3  0.000  0.536     0.00     0.00 -1 -6.68e-12      0.00 7.582e-01 2.416e-01 2.790e-05 7.636e-06 6.935e-05 -1.000 1.579e-04 1.746 3.202 2.227 1.759 1.585 1.509
0.00015547 -2.00000 10.00000 0.8397282958 2.4318661690    0.837  1.258  3.7317  2.981    3  0.000  0.536     0.00     0.00 -1 -7.95e-12      0.00 7.568e-01 2.430e-01 2.792e-05 7.658e-06 6.948e-05 -1.000 1.252e-04 1.625 3.094 2.112 1.639 1.462 1.384
0.00015547 -2.00000 10.00000 0.8400349617 2.4319620132    0.837  1.303  3.7302  2.930    3  0.000  0.535     0.00     0.00 -1 -9.36e-12      0.00 7.556e-01 2.442e-01 2.790e-05 7.686e-06 6.958e-05 -1.000 1.465e-04 1.512 2.994 2.004 1.527 1.348 1.268
0.00015547 -2.00000 10.00000 0.8403366208 2.4320561886    0.837  1.351  3.7287  2.876    3  0.000  0.533     0.00     0.00 -1 -1.11e-11      0.00 7.545e-01 2.454e-01 2.785e-05 7.734e-06 6.967e-05 -1.000 1.637e-04 1.392 2.889 1.890 1.408 1.226 1.145
0.00015547 -2.00000 10.00000 0.8406104445 2.4321417809    0.837  1.399  3.7272  2.823    3  0.000  0.531     0.00     0.00 -1 -1.32e-11      0.00 7.534e-01 2.464e-01 2.776e-05 7.808e-06 6.973e-05 -1.000 1.636e-04 1.273 2.785 1.777 1.291 1.107 1.023
0.00015547 -2.00000 10.00000 0.8408581018 2.4322190285    0.838  1.445  3.7257  2.771    3  0.000  0.529     0.00     0.00 -1 -1.56e-11      0.00 7.526e-01 2.472e-01 2.765e-05 7.906e-06 6.979e-05 -1.000 1.637e-04 1.157 2.684 1.667 1.176 0.990 0.904
0.00015547 -2.00000 10.00000 0.8410839438 2.4322893620    0.838  1.491  3.7242  2.719    3  0.000  0.526     0.00     0.00 -1 -1.84e-11      0.00 7.519e-01 2.480e-01 2.753e-05 8.021e-06 6.983e-05 -1.000 1.636e-04 1.042 2.583 1.558 1.062 0.873 0.786
0.00015547 -2.00000 10.00000 0.8412972093 2.4323558807    0.838  1.539  3.7227  2.665    3  0.000  0.524     0.00     0.00 -1 -2.18e-11      0.00 7.513e-01 2.486e-01 2.741e-05 8.144e-06 6.987e-05 -1.000 1.636e-04 0.923 2.479 1.446 0.945 0.754 0.664
0.00015547 -2.00000 10.00000 0.8414878249 2.4324152470    0.838  1.585  3.7211  2.613    3  0.000  0.522     0.00     0.00 -1 -2.58e-11      0.00 7.508e-01 2.490e-01 2.730e-05 8.262e-06 6.989e-05 -1.000 1.637e-04 0.808 2.378 1.337 0.831 0.637 0.546
0.00015547 -2.00000 10.00000 0.8416587114 2.4324684143    0.838  1.630  3.7195  2.561    3  0.000  0.520     0.00     0.00 -1 -3.03e-11      0.00 7.505e-01 2.494e-01 2.722e-05 8.350e-06 6.991e-05 -1.000 1.637e-04 0.696 2.281 1.231 0.720 0.524 0.431
0.00015547 -2.00000 10.00000 0.8418188095 2.4325182438    0.838  1.676  3.7179  2.509    3  0.000  0.519     0.00     0.00 -1 -3.58e-11      0.00 7.502e-01 2.496e-01 2.716e-05 8.414e-06 6.992e-05 -1.000 1.637e-04 0.581 2.182 1.123 0.607 0.409 0.313
0.00015547 -2.00000 10.00000 0.8419610262 2.4325623512    0.838  1.720  3.7164  2.459    3  0.000  0.518     0.00     0.00 -1 -4.21e-11      0.00 7.501e-01 2.497e-01 2.713e-05 8.453e-06 6.993e-05 -1.000 1.637e-04 0.470 2.091 1.020 0.498 0.296 0.199
0.00015547 -2.00000 10.00000 0.8420938253 2.4326035976    0.837  1.765  3.7147  2.407    3  0.000  0.518     0.00     0.00 -1 -4.95e-11      0.00 7.500e-01 2.498e-01 2.711e-05 8.475e-06 6.993e-05 -1.000 1.637e-04 0.358 1.999 0.915 0.387 0.182 0.082
0.00015547 -2.00000 10.00000 0.8422172666 2.4326419830    0.837  1.810  3.7131  2.355    3  0.000  0.518     0.00     0.00 -1 -5.84e-11      0.00 7.500e-01 2.498e-01 2.711e-05 8.482e-06 6.993e-05 -1.000 1.637e-04 0.244 1.906 0.809 0.274 0.067 -0.035
0.00015547 -2.00000 10.00000 0.8423305154 2.4326772690    0.837  1.856  3.7114  2.303    3  0.000  0.518     0.00     0.00 -1 -6.88e-11      0.00 7.500e-01 2.498e-01 2.711e-05 8.484e-06 6.994e-05 -1.000 1.636e-04 0.130 1.814 0.703 0.162 -0.048 -0.152
0.00015547 -2.00000 10.00000 0.8424334526 2.4327092171    0.837  1.900  3.7097  2.251    3  0.000  0.518     0.00     0.00 -1  -8.1e-11      0.00 7.500e-01 2.498e-01 2.710e-05 8.485e-06 6.994e-05 -1.000 1.637e-04 0.019 1.724 0.601 0.052 -0.161 -0.267
0.00015547 -2.00000 10.00000 0.8425297141 2.4327390194    0.837  1.946  3.7080  2.199    3  0.000  0.517     0.00     0.00 -1 -9.54e-11      0.00 7.500e-01 2.498e-01 2.710e-05 8.487e-06 6.994e-05 -1.000 1.637e-04 -0.094 1.635 0.497 -0.059 -0.275 -0.383
0.00015547 -2.00000 10.00000 0.8426175714 2.4327664375    0.836  1.990  3.7063  2.147    3  0.000  0.517     0.00     0.00 -1 -1.12e-10      0.00 7.500e-01 2.498e-01 2.710e-05 8.488e-06 6.994e-05 -1.000 1.636e-04 -0.206 1.547 0.394 -0.168 -0.388 -0.499
0.00015547 -2.00000 10.00000 0.8426954746 2.4327905178    0.836  2.033  3.7045  2.097    3  0.000  0.517     0.00     0.00 -1 -1.31e-10      0.00 7.500e-01 2.498e-01 2.710e-05 8.489e-06 6.994e-05 -1.000 1.637e-04 -0.313 1.464 0.297 -0.273 -0.496 -0.609
0.00015547 -2.00000 10.00000 0.8427672386 2.4328129292    0.836  2.076  3.7028  2.047    3  0.000  0.517     0.00     0.00 -1 -1.53e-10      0.00 7.500e-01 2.498e-01 2.710e-05 8.490e-06 6.994e-05 -1.000 1.636e-04 -0.420 1.380 0.199 -0.378 -0.604 -0.719
0.00015547 -2.00000 10.00000 0.8428345919 2.4328336716    0.835  2.119  3.7011  1.997    3  0.000  0.517     0.00     0.00 -1 -1.79e-10      0.00 7.500e-01 2.498e-01 2.710e-05 8.491e-06 6.994e-05 -1.000 1.637e-04 -0.527 1.296 0.102 -0.483 -0.712 -0.830
0.00015547 -2.00000 10.00000 0.8428950906 2.4328525066    0.835  2.160  3.6993  1.949    3  0.000  0.517     0.00     0.00 -1 -2.09e-10      0.00 7.500e-01 2.499e-01 2.710e-05 8.492e-06 6.994e-05 -1.000 1.637e-04 -0.631 1.222 0.009 -0.585 -0.817 -0.938
0.00015547 -2.00000 10.00000 0.8429557085 2.4328713417    0.834  2.203  3.6976  1.898    3  0.000  0.517     0.00     0.00 -1 -2.45e-10      0.00 7.500e-01 2.499e-01 2.710e-05 8.493e-06 6.994e-05 -1.000 1.637e-04 -0.738 1.144 -0.088 -0.690 -0.926 -1.049
0.00015547 -2.00000 10.00000 0.8430193663 2.4328911304    0.834  2.241  3.6961  1.854    3  0.000  0.517     0.00     0.00 -1 -2.81e-10      0.00 7.500e-01 2.499e-01 2.710e-05 8.494e-06 6.994e-05 -1.000 1.637e-04 -0.832 1.077 -0.172 -0.781 -1.020 -1.145
0.00015547 -2.00000 10.00000 0.8430525661 2.4329013824    0.833  2.255  3.6955  1.838    3  0.000  0.517     0.00     0.00 -1 -2.98e-10      0.00 7.500e-01 2.499e-01 2.710e-05 8.495e-06 6.994e-05 -1.000 1.637e-04 -0.868 1.051 -0.205 -0.817 -1.057 -1.183
0.00015547 -2.00000 10.00000 0.8430925012 2.4329137802    0.833  2.242  3.6964  1.855    3  0.000  0.517     0.00     0.00 -1 -2.85e-10      0.00 7.500e-01 2.499e-01 2.710e-05 8.495e-06 6.994e-05 -1.000 1.637e-04 -0.834 1.071 -0.176 -0.784 -1.022 -1.147
0.00015547 -2.00000 10.00000 0.8431000710 2.4329159260    0.833  2.249  3.6961  1.846    3  0.000  0.517     0.00     0.00 -1 -2.92e-10      0.00 7.500e-01 2.499e-01 2.710e-05 8.495e-06 6.994e-05 -1.000 1.636e-04 -0.852 1.059 -0.192 -0.802 -1.040 -1.166
0.00015547 -2.00000 10.00000 0.8431422114 2.4329290390    0.832  2.290  3.6942  1.797    3  0.000  0.517     0.00     0.00 -1 -3.36e-10      0.00 7.500e-01 2.499e-01 2.710e-05 8.496e-06 6.994e-05 -1.000 1.636e-04 -0.955 0.988 -0.283 -0.901 -1.144 -1.272
0.00015547 -2.00000 10.00000 0.8431847095 2.4329421520    0.832  2.333  3.6924  1.746    3  0.000  0.517     0.00     0.00 -1 -3.94e-10      0.00 7.500e-01 2.499e-01 2.710e-05 8.497e-06 6.994e-05 -1.000 1.637e-04 -1.064 0.910 -0.380 -1.008 -1.254 -1.384
0.00015547 -2.00000 10.00000 0.8432208300 2.4329533577    0.831  2.373  3.6906  1.699    3  0.000  0.517     0.00     0.00 -1 -4.55e-10      0.00 7.500e-01 2.499e-01 2.710e-05 8.497e-06 6.994e-05 -1.000 1.637e-04 -1.162 0.843 -0.466 -1.103 -1.353 -1.486
0.00015547 -2.00000 10.00000 0.8432564139 2.4329645634    0.830  2.414  3.6887  1.650    3  0.000  0.517     0.00     0.00 -1  -5.3e-10      0.00 7.500e-01 2.499e-01 2.709e-05 8.498e-06 6.994e-05 -1.000 1.636e-04 -1.265 0.775 -0.556 -1.202 -1.456 -1.592
0.00015547 -2.00000 10.00000 0.8432895541 2.4329748154    0.830  2.455  3.6868  1.601    3  0.000  0.517     0.00     0.00 -1 -6.17e-10      0.00 7.500e-01 2.499e-01 2.709e-05 8.498e-06 6.994e-05 -1.000 1.637e-04 -1.368 0.708 -0.645 -1.301 -1.559 -1.698
0.00015547 -2.00000 10.00000 0.8433185816 2.4329836369    0.829  2.494  3.6850  1.555    3  0.000  0.517     0.00     0.00 -1 -7.11e-10      0.00 7.500e-01 2.499e-01 2.709e-05 8.499e-06 6.995e-05 -1.000 1.637e-04 -1.464 0.693 -0.723 -1.399 -1.660 -1.801
0.00015547 -2.00000 10.00000 0.8433473110 2.4329926968    0.828  2.535  3.6831  1.506    3  0.000  0.517     0.00     0.00 -1 -8.27e-10      0.00 7.500e-01 2.499e-01 2.709e-05 8.499e-06 6.995e-05 -1.000 1.637e-04 -1.566 0.677 -0.805 -1.502 -1.767 -1.910
0.00015547 -2.00000 10.00000 0.8433728814 2.4330005646    0.827  2.573  3.6813  1.459    3  0.000  0.517     0.00     0.00 -1 -9.55e-10      0.00 7.499e-01 2.499e-01 2.709e-05 8.499e-06 6.995e-05 -1.000 1.637e-04 -1.663 0.576 -0.891 -1.590 -1.860 -2.007
0.00015547 -2.00000 10.00000 0.8433966637 2.4330079556    0.826  2.612  3.6794  1.413    3  0.000  0.517     0.00     0.00 -1  -1.1e-09      0.00 7.499e-01 2.499e-01 2.709e-05 8.500e-06 6.995e-05 -1.000 1.637e-04 -1.760 0.549 -0.967 -1.684 -1.959 -2.108
0.00015547 -2.00000 10.00000 0.8434193134 2.4330148697    0.825  2.651  3.6775  1.365    3  0.000  0.517     0.00     0.00 -1 -1.27e-09      0.00 7.499e-01 2.499e-01 2.709e-05 8.500e-06 6.995e-05 -1.000 1.637e-04 -1.858 0.527 -1.042 -1.779 -2.059 -2.211
0.00015547 -2.00000 10.00000 0.8434437513 2.4330224991    0.824  2.696  3.6752  1.310    3  0.000  0.517     0.00     0.00 -1 -1.51e-09      0.00 7.499e-01 2.499e-01 2.709e-05 8.501e-06 6.995e-05 -1.000 1.637e-04 -1.971 0.509 -1.127 -1.888 -2.175 -2.331
0.00015547 -2.00000 10.00000 0.8434633613 2.4330286980    0.823  2.736  3.6732  1.262    3  0.000  0.517     0.00     0.00 -1 -1.74e-09      0.00 7.499e-01 2.499e-01 2.709e-05 8.501e-06 6.995e-05 -1.000 1.637e-04 -2.069 0.499 -1.198 -1.983 -2.275 -2.434
0.00015547 -2.00000 10.00000 0.8434836268 2.4330348969    0.821  2.779  3.6709  1.209    3  0.000  0.517     0.00     0.00 -1 -2.05e-09      0.00 7.499e-01 2.499e-01 2.709e-05 8.501e-06 6.995e-05 -1.000 1.637e-04 -2.178 0.499 -1.273 -2.086 -2.386 -2.549
0.00015547 -2.00000 10.00000 0.8435003161 2.4330401421    0.820  2.817  3.6690  1.162    3  0.000  0.517     0.00     0.00 -1 -2.37e-09      0.00 7.499e-01 2.499e-01 2.709e-05 8.501e-06 6.995e-05 -1.000 1.636e-04 -2.274 0.503 -1.339 -2.177 -2.483 -2.650
0.00015547 -2.00000 10.00000 0.8435173035 2.4330453873    0.818  2.859  3.6667  1.110    3  0.000  0.517     0.00     0.00 -1 -2.77e-09      0.00 7.499e-01 2.499e-01 2.709e-05 8.502e-06 6.995e-05 -1.000 1.637e-04 -2.377 0.524 -1.404 -2.275 -2.589 -2.760
0.00015547 -2.00000 10.00000 0.8435314894 2.4330496788    0.816  2.896  3.6647  1.065    3  0.000  0.517     0.00     0.00 -1 -3.18e-09      0.00 7.499e-01 2.499e-01 2.709e-05 8.502e-06 6.995e-05 -1.000 1.636e-04 -2.470 0.542 -1.462 -2.361 -2.682 -2.857
0.00015547 -2.00000 10.00000 0.8435462713 2.4330542088    0.814  2.937  3.6625  1.013    3  0.000  0.517     0.00     0.00 -1 -3.72e-09      0.00 7.499e-01 2.499e-01 2.709e-05 8.502e-06 6.995e-05 -1.000 1.636e-04 -2.573 0.578 -1.522 -2.457 -2.787 -2.966
0.00015547 -2.00000 10.00000 0.8435613513 2.4330589771    0.812  2.982  3.6600  0.957    3  0.000  0.517     0.00     0.00 -1  -4.4e-09      0.00 7.499e-01 2.499e-01 2.709e-05 8.502e-06 6.995e-05 -1.000 1.637e-04 -2.685 0.634 -1.578 -2.559 -2.901 -3.086
0.00015547 -2.00000 10.00000 0.8435735703 2.4330627918    0.809  3.021  3.6577  0.908    3  0.000  0.517     0.00     0.00 -1 -5.11e-09      0.00 7.499e-01 2.499e-01 2.709e-05 8.503e-06 6.995e-05 -1.000 1.637e-04 -2.783 0.694 -1.621 -2.645 -2.998 -3.188
0.00015547 -2.00000 10.00000 0.8435840607 2.4330658913    0.807  3.056  3.6557  0.863    3  0.000  0.517     0.00     0.00 -1 -5.84e-09      0.00 7.499e-01 2.499e-01 2.709e-05 8.503e-06 6.995e-05 -1.000 1.637e-04 -2.871 0.704 -1.671 -2.721 -3.084 -3.279
0.00015547 -2.00000 10.00000 0.8435948491 2.4330692291    0.804  3.095  3.6534  0.814    3  0.000  0.517     0.00     0.00 -1 -6.76e-09      0.00 7.499e-01 2.499e-01 2.709e-05 8.503e-06 6.995e-05 -1.000 1.636e-04 -2.967 0.717 -1.723 -2.804 -3.177 -3.377
0.00015547 -2.00000 10.00000 0.8436059356 2.4330728054    0.801  3.137  3.6509  0.760    3  0.000  0.517     0.00     0.00 -1 -7.93e-09      0.00 7.499e-01 2.499e-01 2.709e-05 8.503e-06 6.995e-05 -1.000 1.636e-04 -3.072 0.735 -1.778 -2.894 -3.279 -3.485
0.00015547 -2.00000 10.00000 0.8436151743 2.4330756664    0.798  3.174  3.6487  0.713    3  0.000  0.517     0.00     0.00 -1 -9.14e-09      0.00 7.499e-01 2.499e-01 2.709e-05 8.503e-06 6.995e-05 -1.000 1.637e-04 -3.164 0.750 -1.827 -2.973 -3.367 -3.579
0.00015547 -2.00000 10.00000 0.8436245918 2.4330785275    0.794  3.213  3.6463  0.662    3  0.000  0.517     0.00     0.00 -1 -1.06e-08      0.00 7.499e-01 2.499e-01 2.709e-05 8.503e-06 6.995e-05 -1.000 1.636e-04 -3.262 0.768 -1.878 -3.056 -3.461 -3.678
0.00015547 -2.00000 10.00000 0.8436332345 2.4330811501    0.790  3.249  3.6442  0.615    3  0.000  0.517     0.00     0.00 -1 -1.23e-08      0.00 7.499e-01 2.499e-01 2.709e-05 8.503e-06 6.995e-05 -1.000 1.636e-04 -3.353 0.786 -1.923 -3.132 -3.547 -3.770
0.00015547 -2.00000 10.00000 0.8436356783 2.4330818653    0.789  3.258  3.6437  0.603    3  0.000  0.517     0.00     0.00 -1 -1.28e-08      0.00 7.499e-01 2.499e-01 2.709e-05 8.503e-06 6.995e-05 -1.000 1.637e-04 -3.375 0.791 -1.934 -3.151 -3.569 -3.793
0.00015547 -2.00000 10.00000 0.8436356783 2.4330818653    0.788  1.716  3.8352  2.911    4  0.000  0.531     0.00     0.00 -1    -1e-30      0.00 7.542e-01 2.457e-01 2.759e-05 7.774e-06 6.934e-05 -1.000 1.637e-04 0.479 1.635 0.559 0.463 0.478 0.519
0.00015547 -2.00000 10.00000 0.8436669707 2.4330916405    0.788  1.737  3.8244  2.847    4  0.000  0.531     0.00     0.00 -1    -1e-30      0.00 7.542e-01 2.457e-01 2.759e-05 7.774e-06 6.934e-05 -1.000 1.637e-04 0.427 1.596 0.538 0.408 0.403 0.433
0.00015547 -2.00000 10.00000 0.8437228203 2.4331088066    0.789  1.741  3.8233  2.839    4  0.000  0.531     0.00     0.00 -1    -1e-30      0.00 7.542e-01 2.457e-01 2.759e-05 7.774e-06 6.934e-05 -1.000 1.637e-04 0.417 1.588 0.532 0.398 0.391 0.420
0.00015547 -2.00000 10.00000 0.8437768221 2.4331254959    0.789  1.742  3.8238  2.841    4  0.000  0.531     0.00     0.00 -1    -1e-30      0.00 7.542e-01 2.457e-01 2.759e-05 7.775e-06 6.934e-05 -1.000 1.636e-04 0.416 1.586 0.528 0.396 0.391 0.420
0.00015547 -2.00000 10.00000 0.8438317776 2.4331426620    0.789  1.742  3.8247  2.844    4  0.000  0.531     0.00     0.00 -1    -1e-30      0.00 7.542e-01 2.457e-01 2.759e-05 7.775e-06 6.934e-05 -1.000 1.636e-04 0.415 1.584 0.524 0.395 0.391 0.422
0.00015547 -2.00000 10.00000 0.8438888192 2.4331603050    0.789  1.742  3.8258  2.848    4  0.000  0.531     0.00     0.00 -1    -1e-30      0.00 7.542e-01 2.457e-01 2.759e-05 7.775e-06 6.934e-05 -1.000 1.637e-04 0.414 1.582 0.520 0.395 0.392 0.424
0.00015547 -2.00000 10.00000 0.8439427614 2.4331769943    0.789  1.743  3.8270  2.852    4  0.000  0.531     0.00     0.00 -1    -1e-30      0.00 7.541e-01 2.457e-01 2.759e-05 7.776e-06 6.934e-05 -1.000 1.637e-04 0.413 1.580 0.516 0.394 0.394 0.428
0.00015547 -2.00000 10.00000 0.8439994454 2.4331943989    0.789  1.743  3.8284  2.858    4  0.000  0.531     0.00     0.00 -1    -1e-30      0.00 7.541e-01 2.457e-01 2.759e-05 7.776e-06 6.934e-05 -1.000 1.636e-04 0.413 1.578 0.511 0.395 0.397 0.432
0.00015547 -2.00000 10.00000 0.8440555930 2.4332118034    0.789  1.743  3.8298  2.864    4  0.000  0.531     0.00     0.00 -1    -1e-30      0.00 7.541e-01 2.457e-01 2.759e-05 7.776e-06 6.935e-05 -1.000 1.637e-04 0.414 1.576 0.507 0.395 0.400 0.436
0.00015547 -2.00000 10.00000 0.8441121578 2.4332292080    0.789  1.743  3.8312  2.869    4  0.000  0.531     0.00     0.00 -1    -1e-30      0.00 7.541e-01 2.457e-01 2.759e-05 7.776e-06 6.935e-05 -1.000 1.637e-04 0.414 1.575 0.503 0.396 0.403 0.441
0.00015547 -2.00000 10.00000 0.8441652656 2.4332456589    0.789  1.743  3.8323  2.874    4  0.000  0.531     0.00     0.00 -1    -1e-30      0.00 7.541e-01 2.457e-01 2.759e-05 7.777e-06 6.935e-05 -1.000 1.636e-04 0.414 1.574 0.500 0.396 0.406 0.444
0.00015547 -2.00000 10.00000 0.8442234993 2.4332637787    0.789  1.743  3.8332  2.877    4  0.000  0.531     0.00     0.00 -1    -1e-30      0.00 7.541e-01 2.457e-01 2.759e-05 7.777e-06 6.935e-05 -1.000 1.636e-04 0.413 1.573 0.497 0.396 0.407 0.447
0.00015547 -2.00000 10.00000 0.8442803025 2.4332811832    0.789  1.743  3.8338  2.879    4  0.000  0.531     0.00     0.00 -1    -1e-30      0.00 7.541e-01 2.457e-01 2.759e-05 7.777e-06 6.935e-05 -1.000 1.637e-04 0.413 1.572 0.494 0.395 0.408 0.448
0.00015547 -2.00000 10.00000 0.8443377614 2.4332990646    0.789  1.743  3.8339  2.879    4  0.000  0.531     0.00     0.00 -1    -1e-30      0.00 7.541e-01 2.457e-01 2.759e-05 7.778e-06 6.935e-05 -1.000 1.637e-04 0.411 1.570 0.492 0.394 0.407 0.447
0.00015547 -2.00000 10.00000 0.8443963528 2.4333171844    0.789  1.744  3.8336  2.877    4  0.000  0.531     0.00     0.00 -1    -1e-30      0.00 7.541e-01 2.457e-01 2.759e-05 7.778e-06 6.935e-05 -1.000 1.637e-04 0.409 1.569 0.492 0.392 0.404 0.444
0.00015547 -2.00000 10.00000 0.8444199562 2.4333243370    0.789  1.745  3.8333  2.876    4  0.000  0.531     0.00     0.00 -1    -1e-30      0.00 7.541e-01 2.457e-01 2.759e-05 7.778e-06 6.935e-05 -1.000 1.636e-04 0.409 1.568 0.491 0.391 0.403 0.442
0.00015547 -2.00000 10.00000 0.8444519043 2.4333343506    0.789  1.745  3.8326  2.873    4  0.000  0.531     0.00     0.00 -1    -1e-30      0.00 7.541e-01 2.457e-01 2.759e-05 7.778e-06 6.935e-05 -1.000 1.636e-04 0.407 1.568 0.492 0.389 0.400 0.438
0.00015547 -2.00000 10.00000 0.8445116282 2.4333527088    0.789  1.747  3.8310  2.865    4  0.000  0.531     0.00     0.00 -1    -1e-30      0.00 7.541e-01 2.457e-01 2.759e-05 7.778e-06 6.935e-05 -1.000 1.637e-04 0.404 1.566 0.493 0.385 0.393 0.430
0.00015547 -2.00000 10.00000 0.8445661068 2.4333696365    0.789  1.748  3.8289  2.855    4  0.000  0.531     0.00     0.00 -1    -1e-30      0.00 7.541e-01 2.457e-01 2.759e-05 7.779e-06 6.935e-05 -1.000 1.637e-04 0.400 1.564 0.496 0.381 0.384 0.419
0.00015547 -2.00000 10.00000 0.8446218967 2.4333868027    0.790  1.750  3.8261  2.842    4  0.000  0.531     0.00     0.00 -1    -1e-30      0.00 7.541e-01 2.457e-01 2.759e-05 7.779e-06 6.935e-05 -1.000 1.637e-04 0.395 1.563 0.500 0.376 0.374 0.406
0.00015547 -2.00000 10.00000 0.8446812034 2.4334051609    0.790  1.752  3.8224  2.825    4  0.000  0.531     0.00     0.00 -1    -1e-30      0.00 7.541e-01 2.458e-01 2.759e-05 7.779e-06 6.935e-05 -1.000 1.637e-04 0.389 1.562 0.505 0.369 0.361 0.389
0.00015547 -2.00000 10.00000 0.8447403312 2.4334232807    0.790  1.755  3.8181  2.805    4  0.000  0.531     0.00     0.00 -1    -1e-30      0.00 7.541e-01 2.458e-01 2.759e-05 7.780e-06 6.936e-05 -1.000 1.636e-04 0.382 1.561 0.511 0.361 0.345 0.369
0.00015547 -2.00000 10.00000 0.8447979689 2.4334411621    0.790  1.758  3.8133  2.782    4  0.000  0.531     0.00     0.00 -1    -1e-30      0.00 7.541e-01 2.458e-01 2.759e-05 7.780e-06 6.936e-05 -1.000 1.636e-04 0.374 1.561 0.518 0.353 0.328 0.347
0.00015547 -2.00000 10.00000 0.8448310494 2.4334514141    0.790  1.760  3.8104  2.769    4  0.000  0.531     0.00     0.00 -1    -1e-30      0.00 7.541e-01 2.458e-01 2.759e-05 7.780e-06 6.936e-05 -1.000 1.637e-04 0.369 1.559 0.524 0.348 0.317 0.333
0.00015547 -2.00000 10.00000 0.8448844552 2.4334678650    0.790  1.764  3.8054  2.745    4  0.000  0.531     0.00     0.00 -1    -1e-30      0.00 7.541e-01 2.458e-01 2.759e-05 7.780e-06 6.936e-05 -1.000 1.637e-04 0.360 1.559 0.533 0.339 0.300 0.311
0.00015547 -2.00000 10.00000 0.8449409008 2.4334852695    0.790  1.768  3.8001  2.720    4  0.000  0.531     0.00     0.00 -1    -1e-30      0.00 7.541e-01 2.458e-01 2.759e-05 7.781e-06 6.936e-05 -1.000 1.636e-04 0.350 1.558 0.543 0.330 0.280 0.286
0.00015547 -2.00000 10.00000 0.8449967504 2.4335024357    0.790  1.772  3.7949  2.695    4  0.000  0.531     0.00     0.00 -1    -1e-30      0.00 7.541e-01 2.458e-01 2.759e-05 7.781e-06 6.936e-05 -1.000 1.637e-04 0.340 1.558 0.552 0.320 0.261 0.261
0.00015547 -2.00000 10.00000 0.8450539112 2.4335200787    0.790  1.777  3.7892  2.667    4  0.000  0.531     0.00     0.00 -1    -1e-30      0.00 7.541e-01 2.458e-01 2.759e-05 7.781e-06 6.936e-05 -1.000 1.637e-04 0.327 1.559 0.561 0.309 0.240 0.233
0.00015547 -2.00000 10.00000 0.8451083899 2.4335367680    0.790  1.782  3.7840  2.641    4  0.000  0.531     0.00     0.00 -1    -1e-30      0.00 7.540e-01 2.458e-01 2.759e-05 7.781e-06 6.936e-05 -1.000 1.637e-04 0.315 1.559 0.568 0.298 0.219 0.206
0.00015547 -2.00000 10.00000 0.8451628685 2.4335536957    0.790  1.787  3.7794  2.618    4  0.000  0.531     0.00     0.00 -1    -1e-30      0.00 7.540e-01 2.458e-01 2.759e-05 7.782e-06 6.936e-05 -1.000 1.637e-04 0.302 1.559 0.573 0.287 0.200 0.182
0.00015547 -2.00000 10.00000 0.8452166915 2.4335701466    0.790  1.793  3.7750  2.595    4  0.000  0.531     0.00     0.00 -1    -1e-30      0.00 7.540e-01 2.458e-01 2.759e-05 7.782e-06 6.936e-05 -1.000 1.637e-04 0.287 1.561 0.576 0.274 0.179 0.156
0.00015547 -2.00000 10.00000 0.8452712893 2.4335870743    0.790  1.800  3.7710  2.572    4  0.000  0.531     0.00     0.00 -1    -1e-30      0.00 7.540e-01 2.458e-01 2.759e-05 7.782e-06 6.936e-05 -1.000 1.637e-04 0.271 1.560 0.575 0.260 0.157 0.129
0.00015547 -2.00000 10.00000 0.8453255296 2.4336037636    0.790  1.807  3.7674  2.551    4  0.000  0.531     0.00     0.00 -1    -1e-30      0.00 7.540e-01 2.458e-01 2.759e-05 7.783e-06 6.936e-05 -1.000 1.637e-04 0.253 1.557 0.572 0.244 0.135 0.102
0.00015547 -2.00000 10.00000 0.8453610539 2.4336147308    0.790  1.805  3.7678  2.554    4  0.000  0.531     0.00     0.00 -1    -1e-30      0.00 7.540e-01 2.458e-01 2.759e-05 7.783e-06 6.936e-05 -1.000 1.637e-04 0.257 1.559 0.574 0.247 0.139 0.107
0.00015547 -2.00000 10.00000 0.8454145789 2.4336311817    0.790  1.816  3.7631  2.524    4  0.000  0.531     0.00     0.00 -1    -1e-30      0.00 7.540e-01 2.458e-01 2.759e-05 7.783e-06 6.936e-05 -1.000 1.637e-04 0.229 1.549 0.565 0.222 0.105 0.067
0.00015547 -2.00000 10.00000 0.8454698920 2.4336481094    0.790  1.832  3.7577  2.487    4  0.000  0.531     0.00     0.00 -1    -1e-30      0.00 7.540e-01 2.458e-01 2.759e-05 7.783e-06 6.937e-05 -1.000 1.637e-04 0.190 1.533 0.549 0.186 0.059 0.015
0.00015547 -2.00000 10.00000 0.8455239534 2.4336647987    0.791  1.858  3.7507  2.433    4  0.000  0.531     0.00     0.00 -1    -1e-30      0.00 7.540e-01 2.458e-01 2.759e-05 7.784e-06 6.937e-05 -1.000 1.637e-04 0.125 1.503 0.512 0.124 -0.014 -0.068
0.00015547 -2.00000 10.00000 0.8455566764 2.4336750507    0.791  1.888  3.7438  2.375    4  0.000  0.531     0.00     0.00 -1    -1e-30      0.00 7.540e-01 2.458e-01 2.759e-05 7.784e-06 6.937e-05 -1.000 1.636e-04 0.049 1.466 0.465 0.052 -0.099 -0.160
0.00015547 -2.00000 10.00000 0.8455730081 2.4336800575    0.791  1.922  3.7374  2.316    4  0.000  0.531     0.00     0.00 -1    -1e-30      0.00 7.540e-01 2.458e-01 2.759e-05 7.784e-06 6.937e-05 -1.000 1.637e-04 -0.034 1.428 0.409 -0.027 -0.189 -0.258
0.00015547 -2.00000 10.00000 0.8455799818 2.4336822033    0.791  1.955  3.7318  2.261    4  0.000  0.531     0.00     0.00 -1    -1e-30      0.00 7.540e-01 2.458e-01 2.759e-05 7.784e-06 6.937e-05 -1.000 1.637e-04 -0.117 1.389 0.351 -0.106 -0.278 -0.355
0.00015547 -2.00000 10.00000 0.8455832005 2.4336831570    0.791  1.988  3.7272  2.209    4  0.000  0.531     0.00     0.00 -1    -1e-30      0.00 7.540e-01 2.458e-01 2.759e-05 7.784e-06 6.937e-05 -1.000 1.637e-04 -0.199 1.348 0.289 -0.185 -0.365 -0.448
0.00015547 -2.00000 10.00000 0.8455848098 2.4336836338    0.791  2.018  3.7237  2.165    4  0.000  0.531     0.00     0.00 -1    -1e-30      0.00 7.540e-01 2.458e-01 2.759e-05 7.784e-06 6.937e-05 -1.000 1.637e-04 -0.274 1.306 0.231 -0.258 -0.444 -0.531
0.00015547 -2.00000 10.00000 0.8455849290 2.4336836338    0.791  2.021  3.7234  2.161    7  0.000  0.531     0.00     0.00 -1    -1e-30      0.00 7.540e-01 2.458e-01 2.759e-05 7.784e-06 6.937e-05 -1.000 1.637e-04 -0.282 1.301 0.225 -0.265 -0.451 -0.539
0.00015547 -2.00000 10.00000 0.8455857038 2.4336838722    0.791  2.046  3.7211  2.126    7  0.000  0.531     0.00     0.00 -1    -1e-30      0.00 7.540e-01 2.458e-01 2.759e-05 7.784e-06 6.937e-05 -1.000 1.636e-04 -0.345 1.260 0.172 -0.326 -0.517 -0.608
0.00015547 -2.00000 10.00000 0.8455867767 2.4336841106    0.791  2.087  3.7177  2.071    7  0.000  0.531     0.00     0.00 -1    -1e-30      0.00 7.540e-01 2.458e-01 2.759e-05 7.784e-06 6.937e-05 -1.000 1.637e-04 -0.448 1.193 0.086 -0.426 -0.623 -0.718
0.00015547 -2.00000 10.00000 0.8455878496 2.4336845875    0.791  2.125  3.7149  2.022    7  0.000  0.531     0.00     0.00 -1    -1e-30      0.00 7.540e-01 2.458e-01 2.759e-05 7.784e-06 6.937e-05 -1.000 1.636e-04 -0.543 1.130 0.006 -0.518 -0.720 -0.819
0.00015547 -2.00000 10.00000 0.8455892205 2.4336850643    0.791  2.166  3.7121  1.971    7  0.000  0.531     0.00     0.00 -1    -1e-30      0.00 7.540e-01 2.458e-01 2.759e-05 7.784e-06 6.937e-05 -1.000 1.637e-04 -0.644 1.063 -0.081 -0.616 -0.824 -0.926
0.00015547 -2.00000 10.00000 0.8455924988 2.4336860180    0.791  2.162  3.7127  1.977    7  0.000  0.531     0.00     0.00 -1    -1e-30      0.00 7.540e-01 2.458e-01 2.759e-05 7.784e-06 6.937e-05 -1.000 1.636e-04 -0.635 1.066 -0.074 -0.608 -0.814 -0.916
0.00015547 -2.00000 10.00000 0.8456105590 2.4336915016    0.791  2.143  3.7137  2.000    7  0.000  0.531     0.00     0.00 -1    -1e-30      0.00 7.540e-01 2.458e-01 2.759e-05 7.784e-06 6.937e-05 -1.000 1.636e-04 -0.588 1.099 -0.033 -0.562 -0.766 -0.867
0.00015547 -2.00000 10.00000 0.8456329107 2.4336984158    0.791  2.172  3.7115  1.961    7  0.000  0.531     0.00     0.00 -1    -1e-30      0.00 7.540e-01 2.458e-01 2.759e-05 7.784e-06 6.937e-05 -1.000 1.636e-04 -0.661 1.053 -0.094 -0.633 -0.842 -0.945
0.00015547 -2.00000 10.00000 0.8456526995 2.4337046146    0.791  2.216  3.7085  1.906    7  0.000  0.531     0.00     0.00 -1    -1e-30      0.00 7.540e-01 2.458e-01 2.759e-05 7.784e-06 6.937e-05 -1.000 1.637e-04 -0.770 0.985 -0.186 -0.738 -0.953 -1.060
0.00015547 -2.00000 10.00000 0.8456665277 2.4337086678    0.791  2.252  3.7061  1.861    7  0.000  0.531     0.00     0.00 -1    -1e-30      0.00 7.540e-01 2.458e-01 2.759e-05 7.784e-06 6.937e-05 -1.000 1.636e-04 -0.859 0.930 -0.262 -0.825 -1.044 -1.155
0.00015547 -2.00000 10.00000 0.8456841707 2.4337141514    0.791  2.296  3.7033  1.805    7  0.000  0.531     0.00     0.00 -1    -1e-30      0.00 7.540e-01 2.458e-01 2.759e-05 7.784e-06 6.937e-05 -1.000 1.638e-04 -0.970 0.859 -0.357 -0.933 -1.157 -1.272
0.00015547 -2.00000 10.00000 0.8457006812 2.4337191582    0.791  2.337  3.7009  1.755    7  0.000  0.531     0.00     0.00 -1    -1e-30      0.00 7.540e-01 2.458e-01 2.759e-05 7.785e-06 6.937e-05 -1.000 1.636e-04 -1.071 0.793 -0.443 -1.031 -1.260 -1.378
0.00015547 -2.00000 10.00000 0.8457159400 2.4337239265    0.791  2.377  3.6985  1.705    7  0.000  0.530     0.00     0.00 -1    -1e-30      0.00 7.540e-01 2.458e-01 2.758e-05 7.785e-06 6.937e-05 -1.000 1.636e-04 -1.172 0.729 -0.529 -1.128 -1.362 -1.484
0.00015547 -2.00000 10.00000 0.8457297087 2.4337282181    0.791  2.417  3.6962  1.656    7  0.000  0.530     0.00     0.00 -1    -1e-30      0.00 7.540e-01 2.459e-01 2.756e-05 7.794e-06 6.937e-05 -1.000 1.636e-04 -1.273 0.667 -0.615 -1.225 -1.464 -1.589
0.00015547 -2.00000 10.00000 0.8457421064 2.4337320328    0.791  2.458  3.6939  1.606    7  0.000  0.528     0.00     0.00 -1    -1e-30      0.00 7.539e-01 2.460e-01 2.747e-05 7.846e-06 6.938e-05 -1.000 1.551e-04 -1.374 0.603 -0.700 -1.323 -1.566 -1.694
0.00015547 -2.00000 10.00000 0.8457535505 2.4337356091    0.791  2.499  3.6916  1.556    7  0.000  0.521     0.00     0.00 -1    -1e-30      0.00 7.538e-01 2.461e-01 2.717e-05 8.087e-06 6.940e-05 -1.000 1.576e-04 -1.477 0.539 -0.787 -1.421 -1.669 -1.801
0.00015547 -2.00000 10.00000 0.8457637429 2.4337387085    0.791  2.539  3.6893  1.506    7  0.000  0.510     0.00     0.00 -1    -1e-30      0.00 7.536e-01 2.462e-01 2.662e-05 8.684e-06 6.942e-05 -1.000 1.636e-04 -1.578 0.477 -0.873 -1.519 -1.771 -1.906
0.00015547 -2.00000 10.00000 0.8457729816 2.4337415695    0.791  2.579  3.6870  1.457    7  0.000  0.496     0.00     0.00 -1    -1e-30      0.00 7.534e-01 2.464e-01 2.592e-05 9.516e-06 6.943e-05 -1.000 1.622e-04 -1.678 0.420 -0.956 -1.614 -1.872 -2.010
0.00015547 -2.00000 10.00000 0.8457815051 2.4337441921    0.791  2.619  3.6847  1.408    7  0.000  0.483     0.00     0.00 -1    -1e-30      0.00 7.533e-01 2.466e-01 2.527e-05 1.032e-05 6.945e-05 -1.000 1.501e-04 -1.779 0.376 -1.037 -1.711 -1.974 -2.115
0.00015547 -2.00000 10.00000 0.8457894325 2.4337465763    0.791  2.660  3.6824  1.358    7  0.000  0.472     0.00     0.00 -1    -1e-30      0.00 7.531e-01 2.468e-01 2.470e-05 1.102e-05 6.946e-05 -1.000 1.433e-04 -1.879 0.353 -1.114 -1.808 -2.077 -2.222
0.00015547 -2.00000 10.00000 0.8457969427 2.4337489605    0.791  2.699  3.6801  1.309    7  0.000  0.463     0.00     0.00 -1    -1e-30      0.00 7.529e-01 2.469e-01 2.422e-05 1.162e-05 6.947e-05 -1.000 1.627e-04 -1.978 0.336 -1.189 -1.905 -2.179 -2.328
0.00015547 -2.00000 10.00000 0.8458042741 2.4337511063    0.791  2.739  3.6778  1.260    7  0.000  0.454     0.00     0.00 -1    -1e-30      0.00 7.527e-01 2.472e-01 2.379e-05 1.215e-05 6.948e-05 -1.000 1.493e-04 -2.078 0.328 -1.261 -2.001 -2.281 -2.434
0.00015547 -2.00000 10.00000 0.8458113074 2.4337532520    0.791  2.779  3.6754  1.210    7  0.000  0.447     0.00     0.00 -1    -1e-30      0.00 7.525e-01 2.474e-01 2.342e-05 1.262e-05 6.947e-05 -1.000 1.141e-04 -2.178 0.328 -1.330 -2.097 -2.384 -2.540
0.00015547 -2.00000 10.00000 0.8458177447 2.4337553978    0.791  2.820  3.6731  1.161    7  0.000  0.441     0.00     0.00 -1    -1e-30      0.00 7.523e-01 2.476e-01 2.310e-05 1.302e-05 6.944e-05 -1.000 1.622e-04 -2.279 0.336 -1.398 -2.192 -2.487 -2.647
0.00015547 -2.00000 10.00000 0.8458232880 2.4337570667    0.791  2.859  3.6707  1.112    7  0.000  0.436     0.00     0.00 -1    -1e-30      0.00 7.521e-01 2.478e-01 2.282e-05 1.338e-05 6.938e-05 -1.000 1.637e-04 -2.377 0.352 -1.461 -2.285 -2.588 -2.752
0.00015547 -2.00000 10.00000 0.8458282351 2.4337584972    0.791  2.899  3.6682  1.062    7  0.000  0.432     0.00     0.00 -1    -1e-30      0.00 7.518e-01 2.480e-01 2.257e-05 1.370e-05 6.930e-05 -1.000 1.637e-04 -2.477 0.380 -1.521 -2.379 -2.690 -2.858
0.00015547 -2.00000 10.00000 0.8458323479 2.4337596893    0.791  2.938  3.6658  1.013    7  0.000  0.429     0.00     0.00 -1    -1e-30      0.00 7.516e-01 2.482e-01 2.237e-05 1.401e-05 6.918e-05 -1.000 1.636e-04 -2.576 0.418 -1.577 -2.470 -2.790 -2.963
0.00015547 -2.00000 10.00000 0.8458361626 2.4337608814    0.791  2.980  3.6632  0.961    7  0.000  0.427     0.00     0.00 -1    -1e-30      0.00 7.514e-01 2.484e-01 2.218e-05 1.433e-05 6.901e-05 -1.000 1.637e-04 -2.679 0.475 -1.628 -2.564 -2.895 -3.073
0.00015547 -2.00000 10.00000 0.8458400965 2.4337620735    0.791  3.022  3.6605  0.908    7  0.000  0.425     0.00     0.00 -1    -1e-30      0.00 7.512e-01 2.486e-01 2.203e-05 1.464e-05 6.883e-05 -1.000 1.637e-04 -2.785 0.552 -1.673 -2.659 -3.002 -3.187
0.00015547 -2.00000 10.00000 0.8458434939 2.4337632656    0.791  3.067  3.6575  0.851    7  0.000  0.424     0.00     0.00 -1    -1e-30      0.00 7.511e-01 2.488e-01 2.193e-05 1.491e-05 6.866e-05 -1.000 1.436e-04 -2.898 0.637 -1.717 -2.757 -3.115 -3.307
0.00015547 -2.00000 10.00000 0.8458454609 2.4337637424    0.791  3.116  3.6542  0.789    7  0.000  0.424     0.00     0.00 -1    -1e-30      0.00 7.510e-01 2.489e-01 2.187e-05 1.506e-05 6.856e-05 -1.000 1.637e-04 -3.021 0.666 -1.778 -2.861 -3.233 -3.432
0.00015547 -2.00000 10.00000 0.8458458185 2.4337639809    0.791  3.104  3.6549  0.804    7  0.000  0.423     0.00     0.00 -1    -1e-30      0.00 7.508e-01 2.490e-01 2.181e-05 1.525e-05 6.843e-05 -1.000 1.637e-04 -2.990 0.663 -1.761 -2.834 -3.203 -3.401
0.00015547 -2.00000 10.00000 0.8458459377 2.4337639809    0.791  3.113  3.6542  0.792    7  0.000  0.423     0.00     0.00 -1    -1e-30      0.00 7.506e-01 2.492e-01 2.169e-05 1.567e-05 6.812e-05 -1.000 1.636e-04 -3.013 0.671 -1.772 -2.853 -3.226 -3.425
0.00015547 -2.00000 10.00000 0.8458460569 2.4337639809    0.791  3.131  3.6530  0.770    7  0.000  0.423     0.00     0.00 -1    -1e-30      0.00 7.506e-01 2.493e-01 2.164e-05 1.585e-05 6.799e-05 -1.000 1.636e-04 -3.056 0.682 -1.793 -2.890 -3.267 -3.469
0.00015547 -2.00000 10.00000 0.8458462358 2.4337639809    0.791  3.148  3.6518  0.748    7  0.000  0.423     0.00     0.00 -1    -1e-30      0.00 7.505e-01 2.493e-01 2.161e-05 1.594e-05 6.792e-05 -1.000 1.636e-04 -3.099 0.692 -1.814 -2.926 -3.308 -3.513
0.00015547 -2.00000 10.00000 0.8458464146 2.4337642193    0.791  3.160  3.6510  0.732    7  0.000  0.423     0.00     0.00 -1    -1e-30      0.00 7.505e-01 2.494e-01 2.160e-05 1.598e-05 6.789e-05 -1.000 1.637e-04 -3.129 0.700 -1.829 -2.951 -3.337 -3.544
0.00015547 -2.00000 10.00000 0.8458466530 2.4337642193    0.791  3.174  3.6500  0.714    7  0.000  0.423     0.00     0.00 -1    -1e-30      0.00 7.504e-01 2.494e-01 2.157e-05 1.609e-05 6.781e-05 -1.000 1.636e-04 -3.165 0.710 -1.846 -2.981 -3.371 -3.580
0.00015547 -2.00000 10.00000 0.8458469510 2.4337642193    0.791  3.202  3.6481  0.678    7  0.000  0.422     0.00     0.00 -1    -1e-30      0.00 7.502e-01 2.496e-01 2.151e-05 1.631e-05 6.765e-05 -1.000 1.637e-04 -3.236 0.729 -1.880 -3.040 -3.439 -3.652
0.00015547 -2.00000 10.00000 0.8458475471 2.4337644577    0.791  3.253  3.6445  0.613    7  0.000  0.422     0.00     0.00 -1    -1e-30      0.00 7.499e-01 2.499e-01 2.135e-05 1.686e-05 6.724e-05 -1.000 1.636e-04 -3.362 0.769 -1.936 -3.143 -3.557 -3.780
0.00015547 -2.00000 10.00000 0.8458481431 2.4337646961    0.791  3.414  3.6091  0.310    8  0.549  0.390    87.42    43.30  1 -1.07e-06      0.00 7.290e-01 2.706e-01 6.375e-05 5.931e-05 2.177e-04 -1.000 3.690e-04 -3.766 1.784 -1.633 -3.246 -3.824 -4.140
0.00015547 -2.00000 10.00000 0.8458482027 2.4337646961    0.790  3.285  3.6179  0.474    8  0.549  0.390    61.38    31.88  1 -5.93e-07      0.00 7.290e-01 2.706e-01 6.375e-05 5.931e-05 2.177e-04 -1.000 3.690e-04 -3.443 1.647 -1.556 -3.025 -3.544 -3.829
0.00015547 -2.00000 10.00000 0.8458482623 2.4337646961    0.788  3.145  3.6307  0.664    8  0.549  0.390    40.73    22.34  1 -3.08e-07      0.00 7.290e-01 2.706e-01 6.375e-05 5.931e-05 2.177e-04 -1.000 3.690e-04 -3.093 1.400 -1.489 -2.789 -3.243 -3.493
0.00015547 -2.00000 10.00000 0.8458484411 2.4337646961    0.785  2.927  3.6505  0.960    8  0.549  0.390    21.52    12.85  1 -1.07e-07      0.00 7.290e-01 2.706e-01 6.375e-05 5.931e-05 2.177e-04 -1.000 3.690e-04 -2.547 1.079 -1.313 -2.376 -2.747 -2.949
0.00015547 -2.00000 10.00000 0.8458486795 2.4337646961    0.781  2.932  3.6499  0.950    8  0.549  0.390    21.97    13.05  1 -1.11e-07      0.00 7.290e-01 2.706e-01 6.375e-05 5.931e-05 2.177e-04 -1.000 3.690e-04 -2.560 1.092 -1.315 -2.386 -2.758 -2.962
0.00015547 -2.00000 10.00000 0.8458489776 2.4337649345    0.776  3.006  3.6430  0.845    8  0.550  0.390    27.56    15.83  1 -1.65e-07      0.00 7.290e-01 2.706e-01 6.375e-05 5.931e-05 2.177e-04 -1.000 3.690e-04 -2.746 1.200 -1.379 -2.529 -2.930 -3.149
0.00015547 -2.00000 10.00000 0.8458493352 2.4337649345    0.769  3.161  3.6288  0.631    8  0.550  0.390    43.81    23.53  1 -3.58e-07      0.00 7.290e-01 2.706e-01 6.375e-05 5.931e-05 2.177e-04 -1.000 3.691e-04 -3.131 1.454 -1.485 -2.812 -3.275 -3.531
0.00015547 -2.00000 10.00000 0.8458498120 2.4337651730    0.762  3.300  3.6159  0.436    8  0.550  0.390    66.73    33.69  1 -7.11e-07      0.00 7.290e-01 2.706e-01 6.375e-05 5.931e-05 2.177e-04 -1.000 3.691e-04 -3.479 1.715 -1.537 -3.039 -3.571 -3.863
0.00015547 -2.00000 10.00000 0.8458502889 2.4337654114    0.753  3.393  3.6073  0.303    8  0.551  0.390    88.92    42.93  1 -1.13e-06      0.00 7.290e-01 2.706e-01 6.375e-05 5.931e-05 2.177e-04 -1.000 3.691e-04 -3.712 1.904 -1.542 -3.174 -3.760 -4.082
0.00015547 -2.00000 10.00000 0.8458508253 2.4337654114    0.744  3.444  3.6024  0.227    8  0.551  0.390   104.99    49.22  1 -1.49e-06      0.00 7.290e-01 2.706e-01 6.375e-05 5.931e-05 2.177e-04 -1.000 3.691e-04 -3.841 2.022 -1.533 -3.240 -3.860 -4.200
0.00015547 -2.00000 10.00000 0.8458514810 2.4337656498    0.733  3.471  3.5997  0.184    8  0.552  0.390   115.30    52.95  1 -1.75e-06      0.00 7.290e-01 2.706e-01 6.375e-05 5.931e-05 2.177e-04 -1.000 3.691e-04 -3.906 2.092 -1.522 -3.271 -3.910 -4.260
0.00015547 -2.00000 10.00000 0.8458521366 2.4337658882    0.722  3.487  3.5984  0.155    8  0.552  0.390   122.91    55.44  0 -1.98e-06      0.00 7.290e-01 2.706e-01 6.375e-05 5.931e-05 2.177e-04 -1.000 3.691e-04 -3.948 2.128 -1.520 -3.294 -3.943 -4.299
0.00015547 -2.00000 10.00000 0.8458546996 2.4337666035    0.554 -9.999  4.0000  1.705    9  0.554  0.000     0.00     0.00 -1    -1e-30      0.00 7.290e-01 2.706e-01 6.375e-05 5.931e-05 2.177e-04 -1.000 3.690e-04 29.767 30.700 29.956 30.210 30.431 30.556
#isochrone terminated
